1 1 3 4 29
2 1 4 3 30
3 1 13 14 26
4 1 14 13 25
5 1 21 22 27
6 1 22 21 28
7 1 46 49 47
8 1 44 47 49
9 1 59 62 60
10 1 57 60 62
11 1 72 75 73
12 1 70 73 75
13 2 7 3 34
14 2 8 4 35
15 2 15 13 39
16 2 16 14 38
17 2 23 21 36
18 2 24 22 37
19 2 50 47 51
20 2 54 49 55
21 2 63 60 64
22 2 67 62 68
23 2 76 73 77
24 2 78 75 79
25 3 15 13 25
26 3 25 13 39
27 3 16 14 26
28 3 26 14 38
29 3 24 22 27
30 3 27 22 37
31 3 23 21 28
32 3 28 21 36
33 3 8 4 29
34 3 29 4 35
35 3 7 3 30
36 3 30 3 34
37 3 44 47 50
38 3 44 47 51
39 3 46 49 55
40 3 46 49 54
41 3 57 60 64
42 3 57 60 63
43 3 59 62 67
44 3 59 62 68
45 3 70 73 76
46 3 70 73 77
47 3 72 75 79
48 3 72 75 78
49 4 3 4 8
50 4 3 4 35
51 4 4 3 7
52 4 4 3 34
53 4 13 14 16
54 4 13 14 38
55 4 14 13 15
56 4 14 13 39
57 4 21 22 24
58 4 21 22 37
59 4 22 21 23
60 4 22 21 36
61 4 47 49 55
62 4 47 49 54
63 4 49 47 50
64 4 49 47 51
65 4 60 62 67
66 4 60 62 68
67 4 62 60 64
68 4 62 60 63
69 4 73 75 79
70 4 73 75 78
71 4 75 73 76
72 4 75 73 77
73 5 2 30 3
74 5 1 29 4
75 5 10 25 13
76 5 11 26 14
77 5 18 28 21
78 5 19 27 22
79 5 41 44 47
80 5 43 46 49
81 5 52 57 60
82 5 56 59 62
83 5 65 70 73
84 5 69 72 75
85 6 1 5 9
86 6 2 6 40
87 6 5 9 10
88 6 11 12 17
89 6 12 17 18
90 6 6 40 41
91 6 43 45 48
92 6 45 48 52
93 6 56 58 61
94 6 58 61 65
95 7 1 2 6
96 7 2 1 5
97 7 10 11 12
98 7 9 10 11
99 7 18 19 20
100 7 17 18 19
101 7 41 43 45
102 7 40 41 43
103 7 52 56 58
104 7 48 52 56
105 7 65 69 71
106 7 61 65 69
107 8 9 10 25
108 8 12 11 26
109 8 20 19 27
110 8 17 18 28
111 8 5 1 29
112 8 6 2 30
113 8 40 41 44
114 8 45 43 46
115 8 48 52 57
116 8 58 56 59
117 8 61 65 70
118 8 71 69 72
119 9 11 10 25
120 9 10 11 26
121 9 18 19 27
122 9 19 18 28
123 9 2 1 29
124 9 1 2 30
125 9 43 41 44
126 9 41 43 46
127 9 56 52 57
128 9 52 56 59
129 9 69 65 70
130 9 65 69 72
131 10 9 5 31
132 10 31 6 40
133 10 17 12 32
134 10 5 9 32
135 10 12 17 33
136 10 6 40 42
137 10 42 45 48
138 10 45 48 53
139 10 53 58 61
140 10 58 61 66
141 11 1 5 31
142 11 2 6 31
143 11 11 12 32
144 11 10 9 32
145 11 18 17 33
146 11 19 20 33
147 11 41 40 42
148 11 42 45 43
149 11 52 48 53
150 11 53 58 56
151 11 65 61 66
152 11 66 71 69
153 12 19 20 80
154 12 69 71 74
