1 1 25 13 14 26
2 1 27 22 21 28
3 1 29 4 3 30
4 1 44 47 49 46
5 1 57 60 62 59
6 1 70 73 75 72
7 2 16 14 13 25
8 2 25 13 14 38
9 2 15 13 14 26
10 2 26 14 13 39
11 2 23 21 22 27
12 2 27 22 21 36
13 2 24 22 21 28
14 2 28 21 22 37
15 2 7 3 4 29
16 2 29 4 3 34
17 2 8 4 3 30
18 2 30 3 4 35
19 2 44 47 49 55
20 2 44 47 49 54
21 2 46 49 47 50
22 2 46 49 47 51
23 2 57 60 62 67
24 2 57 60 62 68
25 2 59 62 60 64
26 2 59 62 60 63
27 2 70 73 75 79
28 2 70 73 75 78
29 2 72 75 73 76
30 2 72 75 73 77
31 3 7 3 4 8
32 3 7 3 4 35
33 3 8 4 3 34
34 3 15 13 14 16
35 3 15 13 14 38
36 3 16 14 13 39
37 3 23 21 22 24
38 3 23 21 22 37
39 3 24 22 21 36
40 3 34 3 4 35
41 3 36 21 22 37
42 3 38 14 13 39
43 3 50 47 49 55
44 3 50 47 49 54
45 3 51 47 49 55
46 3 51 47 49 54
47 3 63 60 62 67
48 3 63 60 62 68
49 3 64 60 62 67
50 3 64 60 62 68
51 3 76 73 75 79
52 3 76 73 75 78
53 3 77 73 75 79
54 3 77 73 75 78
55 4 2 30 3 7
56 4 1 29 4 8
57 4 10 25 13 15
58 4 11 26 14 16
59 4 18 28 21 23
60 4 19 27 22 24
61 4 2 30 3 34
62 4 1 29 4 35
63 4 18 28 21 36
64 4 19 27 22 37
65 4 11 26 14 38
66 4 10 25 13 39
67 4 41 44 47 50
68 4 41 44 47 51
69 4 43 46 49 54
70 4 43 46 49 55
71 4 52 57 60 63
72 4 52 57 60 64
73 4 56 59 62 67
74 4 56 59 62 68
75 4 65 70 73 76
76 4 65 70 73 77
77 4 69 72 75 78
78 4 69 72 75 79
79 5 3 30 2 6
80 5 4 29 1 5
81 5 9 10 25 13
82 5 12 11 26 14
83 5 17 18 28 21
84 5 20 19 27 22
85 5 40 41 44 47
86 5 45 43 46 49
87 5 48 52 57 60
88 5 58 56 59 62
89 5 61 65 70 73
90 5 71 69 72 75
91 6 1 2 30 3
92 6 2 1 29 4
93 6 11 10 25 13
94 6 10 11 26 14
95 6 19 18 28 21
96 6 18 19 27 22
97 6 43 41 44 47
98 6 41 43 46 49
99 6 56 52 57 60
100 6 52 56 59 62
101 6 69 65 70 73
102 6 65 69 72 75
103 7 31 5 9 32
104 7 31 6 40 42
105 7 32 12 17 33
106 7 42 45 48 53
107 7 53 58 61 66
108 8 25 10 9 32
109 8 26 11 12 32
110 8 27 19 20 33
111 8 28 18 17 33
112 8 29 1 5 31
113 8 30 2 6 31
114 8 42 40 41 44
115 8 42 45 43 46
116 8 53 48 52 57
117 8 53 58 56 59
118 8 66 61 65 70
119 8 66 71 69 72
120 9 25 10 11 26
121 9 27 19 18 28
122 9 29 1 2 30
123 9 44 41 43 46
124 9 57 52 56 59
125 9 70 65 69 72
126 10 10 9 5 31
127 10 31 6 40 41
128 10 18 17 12 32
129 10 1 5 9 32
130 10 11 12 17 33
131 10 2 6 40 42
132 10 42 45 48 52
133 10 43 45 48 53
134 10 53 58 61 65
135 10 56 58 61 66
136 11 2 1 5 31
137 11 1 2 6 31
138 11 10 11 12 32
139 11 11 10 9 32
140 11 19 18 17 33
141 11 18 19 20 33
142 11 42 40 41 43
143 11 41 43 45 42
144 11 53 48 52 56
145 11 52 56 58 53
146 11 66 61 65 69
147 11 65 69 71 66
148 12 5 9 10 25
149 12 17 12 11 26
150 12 12 17 18 28
151 12 9 5 1 29
152 12 30 2 6 40
153 12 6 40 41 44
154 12 46 43 45 48
155 12 45 48 52 57
156 12 59 56 58 61
157 12 58 61 65 70
158 13 12 11 10 25
159 13 9 10 11 26
160 13 17 18 19 27
161 13 20 19 18 28
162 13 6 2 1 29
163 13 5 1 2 30
164 13 44 41 43 45
165 13 40 41 43 46
166 13 57 52 56 58
167 13 48 52 56 59
168 13 70 65 69 71
169 13 61 65 69 72
170 14 27 19 20 80
171 14 72 69 71 74
172 15 5 1 2 6
173 15 9 10 11 12
174 15 17 18 19 20
175 15 40 41 43 45
176 15 48 52 56 58
177 15 61 65 69 71
178 16 1 5 9 10
179 16 2 6 40 41
180 16 11 12 17 18
181 16 43 45 48 52
182 16 56 58 61 65
183 17 1 2 6 40
184 17 2 1 5 9
185 17 10 11 12 17
186 17 5 9 10 11
187 17 12 17 18 19
188 17 41 43 45 48
189 17 6 40 41 43
190 17 52 56 58 61
191 17 45 48 52 56
192 17 58 61 65 69
193 18 18 19 20 80
194 18 65 69 71 74
