1 1 7 0.101862 -7.88 7.407 2.563
2 1 7 0.181420 -6.492 7.402 2.576
3 1 5 -0.094079 -6.507 9.687 2.191
4 1 5 -0.151152 -7.846 9.698 2.905
5 1 2 0.131683 -8.449 6.115 2.561
6 1 2 0.045659 -5.932 6.105 2.603
7 1 6 0.171392 -5.899 10.54 2.491
8 1 6 0.182702 -8.445 10.552 2.591
9 1 2 0.003834 -9.816 5.815 2.542
10 1 7 0.139411 -10.385 4.522 2.562
11 1 7 0.182247 -11.771 4.527 2.53
12 1 2 0.255469 -12.336 5.83 2.502
13 1 5 -0.122690 -10.437 2.243 2.975
14 1 5 -0.029801 -11.754 2.232 2.219
15 1 6 0.164306 -9.832 1.378 2.708
16 1 6 0.168664 -12.376 1.393 2.532
17 1 2 -0.320158 -13.693 6.124 2.46
18 1 7 0.389750 -14.277 7.42 2.435
19 1 7 0.208929 -15.682 7.401 2.401
20 1 2 -0.215849 -16.176 6.115 2.417
21 1 5 -0.197182 -14.347 9.738 2.648
22 1 5 0.077889 -15.667 9.646 1.905
23 1 6 0.171263 -14.5 9.854 3.725
24 1 6 0.093000 -15.506 9.559 0.824
25 1 4 -0.120149 -9.655 3.403 2.615
26 1 4 -0.225897 -12.514 3.422 2.516
27 1 4 -0.314810 -16.424 8.518 2.357
28 1 4 -0.128978 -13.558 8.53 2.45
29 1 4 -0.090570 -8.612 8.526 2.558
30 1 4 -0.128631 -5.75 8.512 2.554
31 1 1 -0.176523 -7.194 4.884 2.598
32 1 1 -0.183505 -11.075 7.051 2.501
33 1 1 0.149713 -14.966 4.901 2.467
34 1 6 0.140156 -6.636 9.687 1.104
35 1 6 0.150440 -7.717 9.715 3.992
36 1 6 0.171973 -13.731 10.552 2.268
37 1 6 0.150428 -16.277 10.526 2.111
38 1 6 0.127765 -11.594 2.191 1.138
39 1 6 0.148413 -10.601 2.263 4.057
40 1 2 0.059830 -4.567 5.8 2.607
41 1 7 0.163955 -4.006 4.503 2.626
42 1 1 -0.176585 -3.305 7.022 2.606
43 1 7 0.104775 -2.618 4.498 2.62
44 1 4 -0.107161 -4.748 3.393 2.652
45 1 2 0.127579 -2.05 5.791 2.62
46 1 4 -0.115185 -1.886 3.379 2.607
47 1 5 -0.138767 -3.985 2.215 2.991
48 1 2 0.022951 -0.682 6.091 2.611
49 1 5 -0.092385 -2.657 2.212 2.258
50 1 6 0.149414 -3.84 2.202 4.076
51 1 6 0.178074 -4.597 1.365 2.69
52 1 7 0.111494 -0.115 7.385 2.608
53 1 1 -0.175463 0.578 4.855 2.627
54 1 6 0.138492 -2.802 2.207 1.172
55 1 6 0.171022 -2.054 1.353 2.552
56 1 7 0.211320 1.272 7.381 2.604
57 1 4 -0.107929 -0.846 8.504 2.622
58 1 2 0.231174 1.838 6.077 2.625
59 1 4 -0.232787 2.015 8.486 2.579
60 1 5 -0.140701 -0.071 9.671 2.975
61 1 2 -0.322876 3.196 5.785 2.63
62 1 5 -0.034110 1.259 9.669 2.245
63 1 6 0.168695 -0.672 10.531 2.682
64 1 6 0.155838 0.072 9.671 4.061
65 1 7 0.389565 3.781 4.489 2.642
66 1 1 0.156098 4.467 7.009 2.598
67 1 6 0.170560 1.875 10.514 2.553
68 1 6 0.131145 1.12 9.689 1.16
69 1 7 0.214843 5.187 4.51 2.648
70 1 4 -0.119555 3.064 3.379 2.642
71 1 2 -0.221677 5.679 5.796 2.622
72 1 4 -0.317105 5.931 3.394 2.677
73 1 5 -0.212182 3.849 2.17 2.433
74 1 3 0.289808 6.728 6.071 2.624
75 1 5 0.072509 5.184 2.266 3.149
76 1 6 0.176357 3.242 1.357 2.829
77 1 6 0.174616 3.981 2.05 1.354
78 1 6 0.153520 5.791 1.386 2.934
79 1 6 0.095606 5.045 2.357 4.232
80 1 3 0.286834 -17.224 5.841 2.393
