1 1 7 0.082973 -7.89 7.396 2.525
2 1 7 0.125779 -6.5 7.393 2.543
3 1 5 -0.139773 -6.518 9.68 2.183
4 1 5 -0.099881 -7.86 9.674 2.895
5 1 2 0.164090 -8.459 6.117 2.526
6 1 2 0.043653 -5.931 6.109 2.572
7 1 6 0.153185 -5.917 10.537 2.487
8 1 6 0.148478 -8.452 10.546 2.615
9 1 2 -0.082860 -9.835 5.801 2.514
10 1 7 0.125608 -10.4 4.528 2.52
11 1 7 0.165681 -11.804 4.53 2.504
12 1 2 0.209876 -12.357 5.799 2.496
13 1 5 -0.159074 -10.441 2.224 2.811
14 1 5 0.011559 -11.769 2.264 2.074
15 1 6 0.142181 -9.835 1.378 2.483
16 1 6 0.130212 -12.364 1.38 2.305
17 1 2 -0.330817 -13.752 6.133 2.475
18 1 7 0.331792 -14.304 7.397 2.475
19 1 7 0.216045 -15.729 7.4 2.446
20 1 2 -0.364357 -16.251 6.141 2.437
21 1 5 -0.153979 -14.348 9.694 2.802
22 1 5 0.082857 -15.67 9.675 2.056
23 1 6 0.136345 -14.517 9.724 3.885
24 1 6 0.073321 -15.498 9.642 0.973
25 1 4 -0.100611 -9.667 3.397 2.526
26 1 4 -0.273033 -12.537 3.388 2.497
27 1 4 -0.341591 -16.452 8.549 2.447
28 1 4 -0.171842 -13.571 8.534 2.485
29 1 4 -0.123639 -8.626 8.531 2.509
30 1 4 -0.107866 -5.758 8.518 2.534
31 1 1 -0.248680 -7.204 4.895 2.562
32 1 1 -0.216403 -11.105 7.014 2.505
33 1 1 0.064234 -15.025 4.932 2.455
34 1 6 0.135042 -6.658 9.694 1.096
35 1 6 0.124207 -7.72 9.66 3.983
36 1 6 0.132197 -13.742 10.551 2.503
37 1 6 0.107664 -16.262 10.558 2.302
38 1 6 0.095499 -11.607 2.324 0.991
39 1 6 0.141025 -10.603 2.164 3.893
40 1 2 0.048991 -4.567 5.795 2.588
41 1 7 0.123107 -3.998 4.511 2.63
42 1 1 -0.243728 -3.295 7.008 2.576
43 1 7 0.093393 -2.608 4.508 2.641
44 1 4 -0.107342 -4.74 3.386 2.656
45 1 2 0.155787 -2.039 5.787 2.618
46 1 4 -0.139037 -1.872 3.373 2.667
47 1 5 -0.125924 -3.978 2.229 3.019
48 1 2 -0.094130 -0.663 6.103 2.617
49 1 5 -0.086153 -2.639 2.225 2.3
50 1 6 0.130165 -3.832 2.229 4.105
51 1 6 0.147747 -4.58 1.367 2.729
52 1 7 0.114974 -0.099 7.377 2.588
53 1 1 -0.194108 0.608 4.892 2.678
54 1 6 0.118807 -2.785 2.225 1.213
55 1 6 0.145486 -2.046 1.357 2.589
56 1 7 0.209898 1.305 7.375 2.601
57 1 4 -0.093118 -0.832 8.506 2.543
58 1 2 0.169455 1.858 6.108 2.652
59 1 4 -0.289453 2.038 8.517 2.572
60 1 5 -0.168676 -0.064 9.689 2.807
61 1 2 -0.325453 3.254 5.776 2.666
62 1 5 0.013597 1.277 9.626 2.099
63 1 6 0.143585 -0.664 10.523 2.442
64 1 6 0.144366 0.076 9.782 3.89
65 1 7 0.328012 3.808 4.514 2.726
66 1 1 0.071061 4.525 6.976 2.587
67 1 6 0.130938 1.868 10.518 2.314
68 1 6 0.095414 1.137 9.533 1.014
69 1 7 0.233730 5.233 4.513 2.72
70 1 4 -0.174093 3.076 3.379 2.801
71 1 2 -0.375959 5.754 5.77 2.645
72 1 4 -0.347201 5.957 3.365 2.77
73 1 5 -0.141301 3.846 2.199 2.548
74 1 3 0.272021 6.8 6.042 2.627
75 1 5 0.059272 5.187 2.27 3.257
76 1 6 0.130425 3.25 1.365 2.922
77 1 6 0.134705 3.989 2.093 1.466
78 1 6 0.113342 5.774 1.371 3.058
79 1 6 0.081148 5.042 2.377 4.34
80 1 3 0.267154 -17.298 5.87 2.414
