1 4 5 31
2 4 6 31
3 7 2 6
4 8 1 2
5 7 1 5
6 5 2 30
7 2 3 30
8 3 3 7
9 3 3 34
10 1 3 4
11 3 4 8
12 3 4 35
13 2 4 29
14 5 1 29
15 9 20 80
16 4 12 32
17 4 9 32
18 7 9 10
19 8 10 11
20 7 11 12
21 5 10 25
22 2 13 25
23 3 13 15
24 3 13 39
25 1 13 14
26 3 14 16
27 3 14 38
28 2 14 26
29 5 11 26
30 4 17 33
31 4 20 33
32 7 19 20
33 8 18 19
34 7 17 18
35 5 18 28
36 2 21 28
37 3 21 23
38 3 21 36
39 1 21 22
40 3 22 24
41 3 22 37
42 2 22 27
43 5 19 27
44 4 40 42
45 4 42 45
46 7 40 41
47 8 41 43
48 7 43 45
49 5 43 46
50 2 46 49
51 3 49 55
52 3 49 54
53 1 47 49
54 3 47 50
55 3 47 51
56 2 44 47
57 5 41 44
58 4 48 53
59 4 53 58
60 7 48 52
61 8 52 56
62 7 56 58
63 5 52 57
64 2 57 60
65 3 60 64
66 3 60 63
67 1 60 62
68 3 62 67
69 3 62 68
70 2 59 62
71 5 56 59
72 4 61 66
73 4 66 71
74 7 61 65
75 8 65 69
76 7 69 71
77 5 65 70
78 2 70 73
79 3 73 76
80 3 73 77
81 1 73 75
82 3 75 79
83 3 75 78
84 2 72 75
85 5 69 72
86 9 71 74
87 6 5 9
88 6 12 17
89 6 6 40
90 6 45 48
91 6 58 61
