1 1 19 20 80 33
2 1 66 71 74 69
3 1 1 5 31 9
4 1 2 6 31 40
5 1 5 9 32 10
6 1 11 12 32 17
7 1 12 17 33 18
8 1 6 40 42 41
9 1 43 42 45 48
10 1 45 48 53 52
11 1 56 53 58 61
12 1 58 61 66 65
13 1 19 20 33 80
14 1 69 66 71 74
15 1 1 5 9 31
16 1 2 6 40 31
17 1 11 12 17 32
18 1 10 5 9 32
19 1 18 12 17 33
20 1 41 6 40 42
21 1 42 45 48 43
22 1 52 45 48 53
23 1 53 58 61 56
24 1 65 58 61 66
25 1 66 69 71 74
26 1 33 19 20 80
27 1 5 9 10 32
28 1 6 40 41 42
29 1 9 1 5 31
30 1 12 17 18 33
31 1 17 11 12 32
32 1 31 2 6 40
33 1 45 48 52 53
34 1 42 43 45 48
35 1 58 61 65 66
36 1 53 56 58 61
37 2 5 1 2 29
38 2 6 1 2 30
39 2 9 10 11 25
40 2 12 10 11 26
41 2 17 18 19 28
42 2 20 18 19 27
43 2 40 41 43 44
44 2 45 41 43 46
45 2 48 52 56 57
46 2 58 52 56 59
47 2 61 65 69 70
48 2 71 65 69 72
49 2 2 1 29 5
50 2 1 2 30 6
51 2 9 10 25 11
52 2 10 11 26 12
53 2 17 18 28 19
54 2 18 19 27 20
55 2 40 41 44 43
56 2 41 43 46 45
57 2 48 52 57 56
58 2 52 56 59 58
59 2 61 65 70 69
60 2 65 69 72 71
61 2 11 9 10 25
62 2 10 11 12 26
63 2 18 19 20 27
64 2 19 17 18 28
65 2 2 1 5 29
66 2 1 2 6 30
67 2 43 40 41 44
68 2 41 43 45 46
69 2 56 48 52 57
70 2 52 56 58 59
71 2 69 61 65 70
72 2 65 69 71 72
