1 1 7 0.076507 -7.921 7.385 2.475
2 1 7 0.153834 -6.502 7.382 2.501
3 1 5 -0.111854 -6.531 9.663 2.109
4 1 5 -0.096377 -7.882 9.678 2.804
5 1 2 0.053247 -8.478 6.131 2.472
6 1 2 -0.009559 -5.95 6.126 2.528
7 1 6 0.129649 -5.943 10.542 2.383
8 1 6 0.125250 -8.467 10.549 2.502
9 1 2 -0.026698 -9.882 5.789 2.454
10 1 7 0.109673 -10.44 4.536 2.429
11 1 7 0.170529 -11.86 4.54 2.423
12 1 2 0.092116 -12.41 5.796 2.452
13 1 5 -0.084787 -10.489 2.24 2.73
14 1 5 -0.031412 -11.824 2.263 2.005
15 1 6 0.114452 -9.899 1.371 2.43
16 1 6 0.115021 -12.419 1.383 2.256
17 1 2 -0.254505 -13.815 6.144 2.457
18 1 7 0.337796 -14.369 7.399 2.5
19 1 7 0.158102 -15.797 7.402 2.488
20 1 2 -0.373284 -16.325 6.149 2.442
21 1 5 -0.096468 -14.409 9.666 2.958
22 1 5 0.041637 -15.742 9.702 2.231
23 1 6 0.115020 -14.569 9.606 4.043
24 1 6 0.077317 -15.578 9.751 1.146
25 1 4 -0.156336 -9.714 3.383 2.389
26 1 4 -0.255735 -12.592 3.391 2.41
27 1 4 -0.328648 -16.522 8.554 2.545
28 1 4 -0.202428 -13.638 8.548 2.532
29 1 4 -0.137756 -8.647 8.537 2.433
30 1 4 -0.154168 -5.771 8.532 2.519
31 1 1 -0.232129 -7.217 4.922 2.511
32 1 1 -0.232911 -11.143 7.0 2.478
33 1 1 0.011661 -15.086 4.946 2.408
34 1 6 0.116722 -6.666 9.639 1.02
35 1 6 0.113501 -7.746 9.689 3.894
36 1 6 0.113172 -13.815 10.552 2.727
37 1 6 0.098737 -16.332 10.566 2.546
38 1 6 0.097088 -11.665 2.3 0.919
39 1 6 0.113078 -10.649 2.216 3.816
40 1 2 -0.006665 -4.548 5.778 2.557
41 1 7 0.166965 -3.996 4.523 2.605
42 1 1 -0.241589 -3.281 6.982 2.532
43 1 7 0.052652 -2.576 4.52 2.616
44 1 4 -0.162077 -4.727 3.373 2.618
45 1 2 0.078865 -2.019 5.773 2.584
46 1 4 -0.141746 -1.851 3.368 2.678
47 1 5 -0.087789 -3.964 2.251 3.046
48 1 2 -0.029160 -0.615 6.115 2.592
49 1 5 -0.095436 -2.62 2.22 2.339
50 1 6 0.108888 -3.82 2.3 4.133
51 1 6 0.123909 -4.555 1.367 2.797
52 1 7 0.047291 -0.057 7.368 2.539
53 1 1 -0.212314 0.645 4.907 2.684
54 1 6 0.110491 -2.764 2.183 1.252
55 1 6 0.124333 -2.032 1.356 2.657
56 1 7 0.241681 1.363 7.364 2.563
57 1 4 -0.124496 -0.781 8.518 2.447
58 1 2 0.069177 1.912 6.11 2.643
59 1 4 -0.294922 2.096 8.512 2.528
60 1 5 -0.121474 -0.013 9.672 2.768
61 1 2 -0.277960 3.317 5.763 2.674
62 1 5 0.012758 1.336 9.626 2.072
63 1 6 0.119030 -0.597 10.531 2.43
64 1 6 0.122256 0.124 9.731 3.856
65 1 7 0.330109 3.871 4.512 2.781
66 1 1 0.033067 4.587 6.957 2.554
67 1 6 0.106938 1.927 10.514 2.307
68 1 6 0.087943 1.2 9.555 0.985
69 1 7 0.211848 5.3 4.51 2.773
70 1 4 -0.205854 3.141 3.369 2.909
71 1 2 -0.413560 5.827 5.759 2.653
72 1 4 -0.344770 6.025 3.359 2.855
73 1 5 -0.083081 3.908 2.201 2.643
74 1 3 0.261465 6.872 6.03 2.621
75 1 5 0.027321 5.252 2.271 3.348
76 1 6 0.109418 3.318 1.359 3.012
77 1 6 0.114409 4.053 2.096 1.56
78 1 6 0.101123 5.836 1.369 3.156
79 1 6 0.082015 5.104 2.385 4.43
80 1 3 0.249892 -17.371 5.876 2.427
